File: data/test10.txt
Debug: false
Initial config:
  3 3 1 4 3 2 2 3
  ----------------
2|6 3 8 1 2 7 5 4|4
4|2 5 4 3 1 6 8 7|2
4|4 1 5 7 6 3 2 8|1
2|5 8 3 2 4 1 7 6|3
2|7 4 2 6 5 8 3 1|3
3|3 7 6 4 8 5 1 2|3
4|1 2 7 8 3 4 6 5|3
1|8 6 1 5 7 2 4 3|4
  ----------------
  1 3 3 2 2 4 4 4

Solution:
  3 3 1 4 3 2 2 3
  ----------------
2|6 3 8 1 2 7 5 4|4
4|2 5 4 3 1 6 8 7|2
4|4 1 5 7 6 3 2 8|1
2|5 8 3 2 4 1 7 6|3
2|7 4 2 6 5 8 3 1|3
3|3 7 6 4 8 5 1 2|3
4|1 2 7 8 3 4 6 5|3
1|8 6 1 5 7 2 4 3|4
  ----------------
  1 3 3 2 2 4 4 4

Elapsed time: 0.0 seconds.