File: data/test9.txt
Debug: false
Initial config:
  9 8 7 6 5 4 3 2 1
  ------------------
9|1 2 3 4 5 6 7 8 9|1
8|2 3 4 5 6 7 8 9 1|2
7|3 4 5 6 7 8 9 1 2|2
6|4 5 6 7 8 9 1 2 3|2
5|5 6 7 8 9 1 2 3 4|2
4|6 7 8 9 1 2 3 4 5|2
3|7 8 9 1 2 3 4 5 6|2
2|8 9 1 2 3 4 5 6 7|2
1|9 1 2 3 4 5 6 7 .|2
  ------------------
  1 2 2 2 2 2 2 2 2

Solution:
  9 8 7 6 5 4 3 2 1
  ------------------
9|1 2 3 4 5 6 7 8 9|1
8|2 3 4 5 6 7 8 9 1|2
7|3 4 5 6 7 8 9 1 2|2
6|4 5 6 7 8 9 1 2 3|2
5|5 6 7 8 9 1 2 3 4|2
4|6 7 8 9 1 2 3 4 5|2
3|7 8 9 1 2 3 4 5 6|2
2|8 9 1 2 3 4 5 6 7|2
1|9 1 2 3 4 5 6 7 8|2
  ------------------
  1 2 2 2 2 2 2 2 2

Elapsed time: 0.001 seconds.